1 3160
1 5954
1 2822
1 2921
1 5831
1 7136
1 3117
1 2820
1 9997
1 835
1 4506
1 7833
1 8450
1 2603
1 2854
1 2139
1 9670
1 1959
1 1785
1 2635
1 6933
1 5260
1 493
1 7590
1 333
1 2098
1 6261
1 7759
1 2734
1 6599
1 3060
1 2446
1 2234
1 5454
1 2922
1 2772
1 8033
1 8103
1 4172
1 5634
1 6428
1 7245
1 45
1 8854
1 2368
1 9475
1 5679
1 3042
1 1666
1 5266
1 6440
1 3039
1 6613
1 2440
1 6198
1 1434
1 1179
1 8019
1 156
1 6812
1 1711
1 1134
1 5876
1 1566
1 2758
1 5959
1 9151
1 5604
1 9861
1 4467
1 9832
1 9738
1 8725
1 2863
1 7080
1 3883
1 2150
1 691
1 7318
1 3516
1 5455
1 7678
1 389
1 6130
1 8980
1 2995
1 9058
1 9053
1 187
1 7643
1 3190
1 3183
1 4904
1 3425
1 2717
1 7849
1 6885
1 8232
1 9822
1 6340
1 6430
1 7851
1 3448
1 6056
1 8172
1 5371
1 2870
1 9145
1 2223
1 2584
1 5254
1 4114
1 6975
1 9141
1 6096
1 1111
1 3660
1 4891
1 7320
1 2600
1 295
1 9191
1 6781
1 3636
1 4967
1 3353
1 5482
1 3187
1 4611
1 2849
1 820
1 9581
1 8598
1 719
1 7138
1 9392
1 3016
1 6507
1 5588
1 5832
1 8141
1 9106
1 3249
1 681
1 2038
1 6570
1 327
1 9351
1 701
1 1826
1 3592
1 7674
1 5835
1 4115
1 586
1 3440
1 1408
1 7782
1 4182
1 7277
1 8044
1 3155
1 306
1 8078
1 8858
1 8544
1 3873
1 9601
1 3216
1 3491
1 1579
1 4523
1 4119
1 2586
1 9180
1 3831
1 3766
1 1813
1 3709
1 1999
1 3922
1 577
1 8786
1 6042
1 7653
1 8424
1 3875
1 526
1 1808
1 9413
1 5014
1 42
1 1717
1 9168
1 8220
1 9049
1 3387
1 7418
1 9159
1 4078
1 175
1 6423
1 8995
1 207
1 4935
1 9014
1 2851
1 102
1 78
1 4768
1 7584
1 9888
1 9435
1 2209
1 1574
1 4189
1 8946
1 934
1 7426
1 9189
1 1141
1 6229
1 3153
1 4466
1 4052
1 1048
1 2805
1 3423
1 6950
1 5919
1 1572
1 6392
1 4960
1 8097
1 9371
1 1769
1 152
1 660
1 6808
1 4071
1 6424
1 5057
1 1587
1 5046
1 8849
1 9111
1 13
1 6197
1 4764
1 7937
1 9714
1 4974
1 3590
1 602
1 9321
1 4141
1 7576
1 570
1 962
1 7883
1 4065
1 5465
1 7633
1 7662
1 8099
1 9488
1 4753
1 7914
1 8346
1 7148
1 3363
1 4322
1 7427
1 4804
1 5777
1 746
1 4852
1 654
1 138
1 1965
1 9543
1 1577
1 8057
1 9988
1 2265
1 1386
1 1109
1 2378
1 3123
1 2672
1 5500
1 2417
1 8709
1 5062
1 1641
1 8551
1 4077
1 7324
1 4398
1 666
1 3511
1 3815
1 6603
1 2182
1 4760
1 445
1 7828
1 3236
1 9282
1 9925
1 4473
1 5798
1 9215
1 6669
1 2993
1 7995
1 6845
1 1472
1 9155
1 3256
1 3145
1 993
1 9340
1 558
1 2452
1 671
1 4661
1 4616
1 2636
1 7822
1 395
1 8407
1 9872
1 6190
1 2823
1 5552
1 1753
1 6638
1 8595
1 2652
1 3233
1 3902
1 601
1 8315
1 9742
1 9284
1 9211
1 8090
1 7609
1 1466
