1 48
1 84
1 88
1 187
1 303
1 474
1 568
1 677
1 719
1 837
1 1066
1 1178
1 1209
1 1315
1 1335
1 1515
1 1543
1 1560
1 1757
1 1900
1 1992
1 2009
1 2135
1 2356
1 2432
1 2519
1 2571
1 2581
1 2695
1 2920
1 2949
1 3156
1 3253
1 3580
1 3629
1 3696
1 3869
1 4008
1 4078
1 4094
1 4309
1 4377
1 4435
1 4525
1 4839
1 5018
1 5137
1 5299
1 5335
1 5440
1 5868
1 5970
1 6002
1 6031
1 6252
1 6403
1 6412
1 6466
1 6670
1 6783
1 7005
1 7013
1 7109
1 7270
1 7399
1 7463
1 7475
1 7928
1 7956
1 7965
1 8175
1 8292
1 8310
1 8640
1 8773
1 9256
1 9313
1 9393
1 9504
1 9707
1 9913
1 2465
1 9976
1 4379
1 3607
1 5497
1 9847
1 8878
1 9752
1 2735
1 9084
1 7429
1 7657
1 4090
1 3442
1 5693
1 672
1 6822
1 4494
1 549
1 9619
1 1305
1 9563
1 6263
1 5192
1 3055
1 1097
1 4601
1 9003
1 2247
1 2015
1 4742
1 700
1 423
1 8518
1 1273
1 8731
1 6689
1 8890
1 9514
1 2720
1 7861
1 3090
1 713
1 7936
1 6277
1 203
1 5934
1 6901
1 6815
1 7070
1 4679
1 5445
1 1105
1 2883
1 3817
1 9305
1 4059
1 1138
1 5324
1 1867
1 4758
1 311
1 6381
1 2917
1 6706
1 7957
1 769
1 519
1 5717
1 4071
1 606
1 8708
1 3549
1 7499
1 1776
1 3307
1 8477
1 6663
1 5235
1 5300
1 9409
1 8950
1 3167
1 563
1 9679
1 768
1 5860
1 8758
1 8670
1 6916
1 9888
1 6807
1 2316
1 2061
1 5086
1 4058
1 4618
1 7929
1 7561
1 7401
1 2384
1 4855
1 273
1 6831
1 9325
1 3444
1 5769
1 9140
1 4948
1 8703
1 117
1 7913
1 6695
1 7040
1 3855
1 3371
1 8329
1 9675
1 6198
1 9449
1 4307
1 375
1 1040
1 222
1 1005
1 9550
1 3555
1 1135
1 3578
1 5424
1 4894
1 920
1 9799
1 2559
1 6541
1 961
1 372
1 7952
1 3654
1 24
1 2869
1 8962
1 4637
1 4150
1 6115
1 3988
1 5885
1 541
1 4143
1 6228
1 622
1 1833
1 6961
1 29
1 1664
1 55
1 9523
1 9216
1 9283
1 4842
1 2576
1 4346
1 1888
1 734
1 3149
1 7119
1 4214
1 7862
1 157
1 2986
1 297
1 1978
1 3103
1 5341
1 2912
1 3281
1 5716
1 957
1 6724
1 445
1 3693
1 2020
1 8395
1 2008
1 8406
1 5598
1 3030
1 3471
1 7141
1 8102
1 8840
1 585
1 268
1 4495
1 1353
1 5406
1 8342
1 5649
1 7640
1 1528
1 583
1 2941
1 8204
1 3025
1 1735
1 5304
1 4829
1 741
1 5381
1 9979
1 8559
1 6321
1 3743
1 9581
1 1269
1 6039
1 8520
1 3457
1 8728
1 4687
1 3564
1 580
1 6649
1 61
1 4788
1 5161
1 6456
1 8179
1 6952
1 7877
1 7799
1 489
1 9207
1 8184
1 8420
1 8675
1 6424
1 5245
1 6160
1 7468
1 1866
1 3692
1 8578
1 9121
1 1993
1 3239
1 9901
1 7911
1 9411
1 1563
1 4882
1 5902
1 7229
1 4066
1 6965
1 610
1 7318
1 2429
1 6633
1 2278
1 2774
1 9020
1 2418
1 9291
1 9626
1 9187
1 8509
1 4586
1 4644
1 2327
1 4098
1 7227
1 6694
1 219
1 2176
1 1815
1 3008
1 5222
1 8271
1 9670
1 2944
1 6361
1 3321
1 3647
1 8564
1 7716
1 113
1 6913
1 6607
1 3168
1 2313
1 1724
1 5402
1 6900
1 2507
1 5343
1 3667
1 554
1 7088
1 8587
1 6418
1 9698
1 8698
1 6780
1 6767
1 6044
1 4056
1 2531
1 3410
1 5881
1 1879
1 8086
1 8189
1 2828
1 1794
1 7849
1 394
1 6269
1 6843
