1 9844
1 8380
1 7137
1 5187
1 6420
1 2226
1 866
1 3785
1 1584
1 2668
1 2846
1 3393
1 7550
1 6919
1 5090
1 7122
1 7852
1 3135
1 9264
1 4379
1 8376
1 752
1 6591
1 7124
1 5304
1 9417
1 4665
1 9422
1 662
1 1142
1 616
1 9822
1 4848
1 4415
1 3300
1 2988
1 1012
1 5139
1 1633
1 3420
1 7681
1 3236
1 4451
1 9401
1 8927
1 3728
1 9458
1 5015
1 5067
1 3716
1 9339
1 7038
1 4129
1 195
1 7577
1 4803
1 3925
1 5928
1 9915
1 4651
1 6684
1 1856
1 3081
1 603
1 7092
1 3537
1 5579
1 2193
1 7273
1 8888
1 2573
1 3356
1 6107
1 2149
1 9535
1 8740
1 3148
1 6106
1 3090
1 5035
1 5468
