1 53
1 222
1 270
1 24
1 66
1 17
1 46
1 299
1 286
1 199
1 166
1 122
1 99
1 115
1 231
1 263
1 267
1 86
1 172
1 64
1 280
1 268
1 291
1 118
1 56
1 183
1 191
1 93
1 100
1 34
1 175
1 193
1 253
1 38
1 211
1 187
1 52
1 117
1 22
1 229
1 230
1 246
1 169
1 51
1 9
1 130
1 278
1 134
1 225
1 45
1 7
1 26
1 255
1 55
1 165
1 3
1 4
1 168
1 109
1 274
1 254
1 264
1 90
1 8
1 186
1 275
1 110
1 220
1 251
1 147
1 234
1 173
1 184
1 247
1 44
1 182
1 279
1 31
1 84
1 120
1 29
1 128
1 192
1 129
1 30
1 41
1 195
1 261
1 210
1 88
1 238
1 28
1 77
1 194
1 232
1 23
1 72
1 76
1 248
1 132
