6 167 209 104 47 274 183
3 168 120 175
7 216 287 231 279 178 52 130
5 0 262 153 149 132
6 116 222 238 251 272 2
12 180 239 16 196 155 66 154 229 37 173 211 165
7 34 191 119 126 233 247 169
3 108 281 208
2 296 151
5 275 181 289 46 49
5 99 176 143 94 257
6 41 131 43 194 9 84
3 87 40 293
4 184 101 223 189
3 54 17 135
4 164 206 97 77
2 85 1
5 110 255 292 270 240
6 249 204 3 192 288 123
5 88 185 250 100 69
5 212 124 67 71 278
5 72 266 142 228 186
2 103 256
5 4 139 31 106 12
8 8 237 76 81 219 205 280 297
5 7 78 141 215 30
7 80 243 22 160 42 51 242
6 134 29 254 98 264 265
7 75 298 6 291 20 115 252
4 286 158 10 145
6 299 157 114 45 248 59
7 294 217 271 170 190 199 152
4 246 86 112 182
5 148 268 118 201 55
4 24 109 73 83
3 162 283 138
6 159 82 111 90 235 35
4 210 236 70 5
4 203 177 269 25
4 133 23 140 48
8 62 28 174 50 11 61 147 93
5 259 64 207 253 197
6 220 128 121 117 195 89
3 161 295 27
4 136 68 258 163
4 276 172 146 282
4 127 32 202 26
3 13 241 214
3 260 102 14
2 92 284
2 58 244
2 137 122
1 193
1 95
1 227
1 290
1 218
1 15
1 225
1 56
1 273
1 150
1 144
1 187
1 74
1 18
1 107
1 105
1 171
1 263
1 38
1 285
1 261
1 267
1 60
1 125
1 200
1 57
1 63
1 198
1 44
1 19
1 156
1 129
1 79
1 245
1 213
1 226
1 21
1 166
1 113
1 53
1 232
1 91
1 224
1 188
1 39
1 230
1 277
1 96
