10 677 8268 4787 8944 2965 1171 9176 1887 4383 124
8 4377 7654 658 3106 7290 648 6242 1682
8 1066 223 8666 7426 7624 4005 9099 7105
5 7463 4841 1805 4142 6750
8 2920 9226 3992 6365 8201 2579 2521 5438
14 4094 7392 8181 5951 9342 8972 6941 4684 7215 7822 9056 3662 2786 1558
9 4008 1727 4962 2294 9940 5543 2671 7509 8850
6 7475 1319 7483 590 1923 9387
10 8310 1535 7590 5013 6411 4226 2251 7813 9921 8106
8 6002 7272 6167 913 4320 8753 7855 2210
7 9393 6262 2131 360 3028 1327 3153
9 6783 56 2610 5395 9126 132 4725 9034 4013
4 5335 3402 7111 2271
6 88 8530 1692 5447 8226 807
5 2432 3975 2227 859 2252
10 5497 7255 4195 6616 6014 3010 8847 3838 9811 1507
7 3156 3526 356 406 4268 1336 4378
7 7965 4063 1913 5179 6505 1718 8947
17 8175 7191 8264 4232 2336 9428 1959 262 9203 4176 4513 7154 1375 9294 302 2597 2090
12 2356 6304 9825 238 6070 1859 7214 2847 1701 3184 5788 9334
10 3869 668 8318 5972 630 6545 2747 7951 3020 6285
16 2571 7221 6204 8233 9742 5898 1289 7885 5190 7385 9461 6302 9290 1730 8267 1653
5 5299 8800 1576 4662 3712
5 9707 30 1003 7358 1226
8 84 1122 1285 5950 1615 2815 8572 7527
7 1543 2736 4476 1403 710 3224 8594
14 7928 2093 6707 2075 5155 5062 1108 5138 3505 7996 5876 3218 8216 5549
5 2949 311 25 707 3259
12 4525 9314 5546 3598 4459 2139 8140 6759 1758 6917 644 7611
8 4839 8470 2185 9960 3503 6632 5144 8942
13 2135 7062 7006 405 6232 2933 1680 2820 4577 1404 1731 3081 2145
5 1335 9479 4728 3883 9931
4 5440 3096 5592 7700
11 1315 1912 7747 6176 749 5896 1643 9568 818 4305 2628
7 2519 6181 8452 3337 5508 1202 4622
11 2465 7104 7231 8593 3309 804 2823 5046 2492 3431 8925
12 9976 5392 2420 6401 6690 828 8641 9971 8569 8123 4501 4374
10 6466 463 7354 6709 8738 8008 1542 4747 758 3857
9 8640 5853 9067 6301 9331 6559 5198 3080 8712
7 672 2241 3261 941 2188 8543 4124
8 5970 3073 3612 4600 6576 1093 2540 1898
9 187 6779 4621 4611 6546 7393 4554 2208 5275
7 5018 9440 2975 8423 9990 770 4399
6 3253 1894 3676 4197 2530 7820
7 4309 9454 1953 2347 1659 5555 8905
5 7429 7011 748 9396 58
8 1757 8314 4407 8540 936 1939 7049 6828
7 1515 763 170 4790 9304 231 2658
9 3629 6497 8724 8907 3098 4570 2488 9736 8154
3 9752 7471 5067
4 3607 1897 1439 1374
4 7956 8442 3670 2225
9 6670 853 7875 8018 1028 8234 3903 9770 1293
15 303 4786 5492 5772 7805 9688 8846 7165 8197 4766 7989 1157 144 3033 4783
8 4090 214 3382 840 6246 6492 1837 9831
7 7399 6082 5808 8078 3458 3125 8499
11 9847 8180 5750 3254 1696 8777 4303 2693 3126 9668 8865
6 1305 8670 5284 7042 9677 7405
9 6412 5976 3818 1035 4638 8697 5303 464 2038
11 4601 6224 4934 1292 8519 5110 5410 2276 5538 4023 4865
5 8292 5829 5063 3120 7681
4 4742 2286 7008 3569
10 1209 7239 6520 7985 234 9555 3664 9309 8874 1120
11 5868 2612 1413 2494 3423 6007 2224 4803 2845 3286 9525
8 2695 7562 5068 5652 4339 5157 1150 1958
5 4078 5282 962 7307 2618
9 1992 4179 9351 5897 1793 6911 1614 5587 1868
4 9313 7268 5629 9849
5 568 5388 3478 9391 9088
12 4379 1351 9047 1322 4983 5883 2692 4531 366 5857 2814 7391
8 6689 5674 2236 1060 7382 2816 3388 8825
2 6263 4891
7 8518 1751 9764 7723 3097 8558 8163
12 3442 1274 1797 162 7526 9157 571 9885 7708 7832 1378 4319
5 1097 4506 7978 9024 8280
12 7657 8819 5375 1402 9205 6362 1858 9614 9993 5390 5961 5175
7 474 8933 2025 790 5035 5631 6417
12 9003 6926 1034 4881 4004 903 6317 8013 4672 4620 2508 5726
10 6822 9757 3909 991 2654 4994 9301 7337 7566 6127
8 423 1044 7447 2367 1847 5432 8467 7173
15 5192 194 5100 4362 9767 3019 1906 7908 2027 8647 5072 327 3525 7834 8196
8 9084 1046 8883 2290 2372 2724 1452 9250
3 9619 359 8596
10 2735 922 5795 2095 8223 7242 6226 3407 8278 5688
11 1560 9702 9105 577 3979 3312 5475 6950 1343 480 3110
4 5693 9575 59 8217
8 4435 586 6983 5957 3761 4896 2755 2764
5 7861 3586 4473 9850 3172
7 3580 3338 2989 5154 8623 4389 9251
12 9514 3379 4397 7914 3780 8488 8515 2301 7869 5108 44 4795
8 700 1002 1582 2909 9311 899 3132 7918
8 4494 1043 8218 9600 4922 4311 4484 6934
8 2720 2409 6751 4118 2376 7034 9484 2926
5 3817 9966 581 1185 3288
2 6277 7061
11 9305 152 5962 1905 6713 4416 6594 7615 4338 4683 5988
2 8731 7632
2 4059 1569
15 2247 2522 7157 4640 6528 9739 3243 4000 8364 7586 2704 1089 9196 3713 8674
11 6815 8900 6231 9841 6352 5435 8463 6300 8332 7 9472
10 713 3170 1803 1416 2966 2306 4126 5707 1216 1107
8 769 6770 6986 6944 2318 2998 2298 9650
11 519 8272 9235 1976 7798 3000 4971 4963 4077 1333 8022
14 5445 9926 9730 1181 8516 8537 1397 9467 8626 139 1385 9891 5718 868
11 3055 2987 5871 3886 9154 3809 3310 6768 7568 4760 2746
14 1273 4907 8062 3666 2417 8503 8409 5364 759 6461 4350 1360 4732 3048
12 9563 7329 731 195 5454 79 1086 242 5637 5127 1426 8654
5 7499 459 7817 939 757
4 2883 4516 8147 7133
8 606 3009 1916 8363 8222 2666 7192 2408
9 6706 6029 85 5714 1540 9499 9517 5065 1254
10 7070 6192 6493 9022 5135 1329 7072 3204 638 4277
14 6901 7924 6522 8145 7644 3039 6187 4779 7315 796 5274 3026 390 1288
5 5324 3270 7260 2273 7696
9 8708 8795 9093 7427 8879 9663 6099 2818 6702
11 1138 6610 2088 2394 5989 3447 8156 9674 7649 1472 2890
3 3090 9329 2307
15 549 5858 9130 1977 3785 8771 8818 2985 6136 8221 6761 8716 3679 8001 729
13 2917 1075 6813 4340 9518 8668 653 4461 9660 6016 108 8939 3969
2 9409 1159
7 5934 3990 2625 2672 5939 1446 1408
7 5860 5066 5339 2518 7235 4192 5597
14 5235 745 192 9074 8109 176 5462 2853 7100 1881 6153 7992 1549 9637
9 1867 6826 9218 4864 1798 9796 953 8684 1547
7 9888 3522 960 4324 1691 4292 5460
10 3549 6008 9080 6810 4398 2980 3543 7831 8349 9380
12 3307 9108 985 8778 8060 8322 6384 4553 7024 1575 7603 3346
11 5300 2148 6534 5936 6057 2175 1056 9878 4160 1277 8036
5 6916 9949 6795 1801 3589
5 4618 4904 5817 702 8870
9 4758 3703 1720 3762 5524 5493 8913 2604 60
8 8477 1784 2453 996 2825 7601 7112 2770
8 6663 4225 3653 4946 7095 3926 4145 6278
5 4855 4826 845 2593 2491
5 4071 2300 5225 7374 5149
6 5769 8963 6789 7395 82 5173
4 273 5312 5020 4393
2 9679 4846
9 3444 7706 8702 5754 101 7863 8941 8943 7943
5 6381 8747 2068 7731 2499
4 5086 9704 6591 3755
10 6807 6786 3655 3584 1714 1091 4348 1080 7702 3480
3 6695 3912 7441
3 3167 5501 9476
8 2316 682 6380 9493 4719 6311 6152 4095
7 4307 1665 9577 3860 8098 5244 2427
8 9799 792 2550 3405 495 8606 587 1577
3 7040 2598 6111
8 8703 6835 7545 7083 9383 4626 430 247
12 9325 841 8305 1487 4131 3422 2592 4216 9390 6388 632 6342
8 7401 4878 2048 954 6619 1510 5865 7559
8 5424 9318 3247 5434 7481 5412 3536 4041
11 6115 2547 760 1886 8897 9243 6586 8195 3927 7348 6919
8 117 8004 2173 167 131 4991 6145 1929
10 5717 7454 5864 5419 8050 1084 2888 3041 980 8949
7 222 4408 6177 2868 263 2659 1646
8 6831 2725 1952 1739 8552 3576 4108 6093
5 7957 7359 1377 5687 3504
11 3855 8931 6701 4598 9747 8714 9271 6943 5044 7039 6626
6 2559 9139 9987 3232 6968 3985
12 4894 7648 5701 8833 7835 3635 5986 6588 3287 5461 6964 4538
10 372 3605 3651 2013 2211 2656 5874 7485 9117 4978
5 961 4040 3012 3617 1425
11 2061 6480 6314 2945 3932 3641 6010 4451 6448 9642 7181
12 9140 2558 1734 7797 2391 1219 9350 8790 1258 3730 994 8910
8 24 5328 4769 9507 3787 8508 4432 8375
13 8329 6377 9231 5141 4564 7350 9307 5775 1848 8884 8269 2862 7371
7 920 8324 8533 8245 3749 6933 9172
5 4143 7450 1722 4923 1950
6 3555 4566 680 1064 4022 7182
10 541 3615 6477 3523 78 2113 2158 6853 3413 7742
9 9675 3150 9434 5741 8633 1698 8535 9956 7964
8 55 8845 6760 2361 1662 3001 2983 3931
4 2576 4664 6343 5478
9 4346 3554 5670 1127 3383 8356 5098 7467 5575
13 8950 7448 1165 5249 5577 2404 3322 9958 8574 197 6350 2326 4129
11 6198 5643 764 7675 5150 9145 6693 1195 9123 3064 9794
9 5885 525 4269 8202 8971 7184 6976 5665 8677
7 9523 7878 8137 9119 321 181 3517
11 3988 4250 2994 8469 5401 562 4568 2238 4911 4490 452
8 4637 232 7982 1517 6481 3595 690 3711
6 1005 7966 738 3086 1087 2130
3 375 5084 7252
6 157 1633 7519 8611 5037 3275
5 2869 7364 487 154 240
14 7561 1004 357 7197 1255 3645 6413 8341 7476 6193 1663 5647 4883 8908
6 5716 1789 2007 3185 1602 8120
11 3103 105 8035 9240 3698 7218 5463 9533 8199 2813 4296
6 8962 6949 8 6991 2502 3965
8 3371 6641 9863 6315 5973 4047 3945 2152
10 7929 6199 5389 4633 7068 9648 9854 3115 616 4886
6 9283 5353 5101 1961 7123 5859
7 1776 984 3578 9750 7375 7288 9005
9 3149 9777 427 673 5893 5531 9259 5474 4189
13 4058 8973 2164 4933 7386 3440 2446 6878 8577 1115 8080 6453 5884
9 1664 2477 613 9798 8132 7950 8880 4592 6613
8 29 3430 2201 5311 398 4996 20 5077
5 2020 6405 1020 6890 3950
9 6961 584 6668 6646 6433 8311 5047 6918 9753
9 1833 202 8639 9964 5223 5476 9206 8443 2002
5 1888 3514 3456 9661 5398
11 9913 211 4898 9941 2127 803 9552 7974 9827 2353 6288
6 8878 3468 5055 5720 8541 706
9 1353 151 4213 3059 1699 8891 6439 4488 391
8 4150 2240 7571 6938 6869 2993 9326 2563
5 4842 3934 5273 3014 9536
8 2912 9743 8571 4052 3488 224 3545 1207
12 8406 6849 8523 7729 9920 3119 6516 148 451 2410 432 2554
7 5341 8290 6363 3347 3836 5443 8046
3 7141 2555 8789
14 1528 3921 3960 3777 2779 1802 5560 8015 8636 6958 2421 5697 2169 2321
7 9216 4425 6088 3899 5867 4191 8625
8 2986 4973 2184 1148 1354 4220 7676 7814
6 585 5321 2344 7881 2134 5467
10 6228 2258 9488 4165 4688 7898 5842 5889 8350 7606
6 5406 3672 3372 9894 5140 8253
6 583 1892 4315 5024 4813 7623
8 8559 9094 296 8232 6229 7261 9756 7264
12 3281 5729 6074 9591 9296 4745 6154 1467 7281 6715 7489 6250
5 7952 486 1652 3771 325
13 5304 9113 6661 3484 4925 6397 1279 7409 3140 9781 9448 6063 2363
5 297 8029 5471 7035 8174
10 741 7694 7983 6673 2637 2908 1938 6955 4133 1038
7 7640 9155 6621 4218 9097 8100 1137
13 5598 4088 1405 7755 1482 6489 9398 2795 9909 5415 8744 9531 8802
11 445 8187 7313 5805 5834 652 9059 9438 7404 8091 6533
4 3564 662 2117 1136
4 6952 1326 6190 8345
9 9207 9551 8279 1645 9955 3929 8861 9792 3871
11 3025 569 5151 2855 4700 1095 2595 6676 8235 6260 795
9 734 1411 7052 5128 3427 9013 8808 3914 973
7 8395 8152 3971 4178 3042 9211 5130
6 4495 6736 2848 8717 5784 6390
7 622 1706 3656 5935 1153 6675 4185
13 1040 4944 917 53 2369 3922 6599 3626 3681 2953 9439 762 3134
5 6541 5121 7600 8070 9354
6 3471 948 7904 8607 6084 3349
4 2008 5126 626 623
8 2941 5838 3441 2487 7436 1076 7175 3858
5 957 579 750 2836 5790
8 3239 8007 6394 5302 4257 7530 8113 8377
8 3743 8410 1509 3018 1082 5545 1726 1247
4 9979 1846 3467 2669
10 5381 1625 9229 5317 8875 4901 2243 2750 2165 8612
16 4882 5698 9400 8041 1083 806 2643 5148 2157 7044 9239 9690 9776 8690 8866 6650
7 8675 3295 5107 1297 1217 8374 0
9 7877 2600 9378 3981 2959 4181 389 5272 2253
7 1735 369 2325 9618 3387 9616 1562
7 61 979 6073 8090 4424 5414 2650
5 8840 9372 2486 7641 9876
10 6649 8466 781 2827 2460 2719 7845 4261 1559 9711
10 3457 8852 3399 1743 1495 2097 9589 1479 6994 4308
8 1978 3548 9984 7659 136 5449 3087 7826
7 8420 3157 5486 8247 6359 3953 4417
11 6724 50 5966 4822 8683 3642 611 1483 7842 4054 8053
8 6403 2110 4654 299 3043 270 431 4186
10 9581 5236 7291 9040 4337 4332 5974 9058 900 4445
7 8728 6013 9048 6830 3797 5505 3820
11 9411 3076 153 3763 4462 5322 7069 1829 7251 9069 1636
6 4214 7128 2864 3084 9198 3631
14 768 4144 3299 220 2255 7124 4453 559 7836 9895 424 9178 3792 3984
5 9020 68 6603 4691 955
18 5902 4251 6601 5570 2844 8427 7107 8186 5671 6524 3063 6351 6330 7954 5798 603 3558 7302
11 7119 7003 8248 6050 9014 1574 7748 6113 4987 9887 8308
10 7109 6793 8839 914 4676 4161 4444 3093 5404 5618
10 2429 62 995 3906 784 441 9714 2457 2914 7185
8 6456 4936 3767 4998 5202 7138 3528 1658
3 489 6017 4243
9 268 4449 774 1172 7658 5753 5623 4697 1134
8 6031 174 6521 8461 9277 3378 6368 1174
7 9626 6642 5393 293 8710 7219 557
13 8342 3905 812 694 5102 8565 7402 2701 5191 8871 3344 8740 3035
9 2278 4920 5411 4828 1834 4371 2891 1990 5370
12 580 8215 8014 3037 2503 5942 5781 4510 5436 8613 6087 2586
10 610 1553 5292 6940 7743 8658 6651 8131 4271 5399
6 8179 2694 9821 1548 2535 2265
14 1993 3209 3186 7022 5916 123 1419 4780 3956 70 3094 4479 4341 3819
6 3692 5267 8634 8858 8044 9999
6 7799 5833 8058 2638 4158 2450
9 6361 8529 7980 3179 2616 7408 3198 5176 6870
6 5161 5011 1173 5819 5758 8002
4 219 530 8486 2620
7 4687 6399 2270 8185 4729 5791 336
7 3030 9968 4267 9834 1164 6487 9932
5 9187 6514 8726 2322 1191
4 9291 1341 2664 5456
6 2313 1073 8076 6585 8532 2677
8 554 6369 5413 5677 7751 8517 8365 4474
11 4788 864 4239 5840 9624 3728 1849 1623 1865 2373 3588
5 3693 881 3831 7029 7472
12 8204 7945 5820 5129 5073 2371 6617 5599 3856 944 7349 1300
13 6424 6491 8010 7815 8663 5778 3417 4606 2529 8392 6011 4203 8301
12 4098 9882 2621 5021 6289 1678 7871 8206 1812 4057 4492 5159
5 9698 5015 5355 8527 5544
13 4066 6495 2047 9279 468 4548 2186 4151 5346 3256 8265 322 8169
8 1866 8081 226 1125 9558 9703 747 888
10 2015 3292 5532 4092 7411 454 9986 6509 8251 7784
6 1815 1497 9560 9765 4678 1972
5 6780 9066 9312 1007 1022
9 6900 7844 3283 4619 6981 906 2030 9606 7986
8 6160 6773 7331 1265 5590 1454 6995 7146
9 7318 5049 7599 3644 3448 4768 6104 1788 8898
8 7911 8048 1654 3023 2843 1919 6355 4177
5 9901 6000 8624 7362 722
7 8698 8092 8358 910 3688 4778 2170
4 4056 4428 2388 1555
12 5881 422 7009 4989 6990 6504 279 3716 9215 1001 1825 2203
6 8520 2936 2753 8027 1112 4241
16 5027 245 81 6385 8003 544 8074 6543 1117 4596 316 5625 6444 5814 5111 2070
6 2327 3563 2438 9365 8877 3643
7 8102 9232 2197 4674 4960 8414 5266
8 7229 9639 6258 2821 9545 5354 7758 9417
10 113 2765 5634 1488 3884 5051 3415 7001 7766 8685
9 9670 9952 9874 3521 1895 488 7295 9638 2287
8 3667 1538 9953 7639 6775 4945 3618 8012
10 6767 5768 1854 712 6464 5095 3687 3959 9635 6624
10 3410 2174 1068 2422 5511 6979 2411 9404 6019 8648
6 2531 9114 6146 928 6494 8669
9 6633 4113 1518 1917 8579 1611 1359 6051 8797
4 394 3745 3180 437
7 7188 5764 5978 7591 393 6840 7257
14 8271 7512 7103 2479 1996 2988 9808 3183 9051 8460 898 9281 3880 1437
15 3696 2480 3710 3425 8985 8536 9173 9746 2830 4149 6310 3237 3099 7053 8124
5 5402 8770 667 2905 392
4 2774 8525 7856 1948
11 1724 7570 52 2505 9012 725 1982 73 2819 6191 4310
9 8213 280 809 886 3479 3892 9599 5606 6997
5 7849 3144 9904 1318 6606
12 4948 7314 3365 5215 259 3305 9646 7955 4951 9227 3863 2824
9 4586 6171 3844 9169 2968 5977 5439 1851 2202
10 6418 5327 3079 755 3733 3633 2806 6993 5588 9430
8 6843 2062 2431 6622 7130 7565 9573 9938
10 3168 5088 2831 449 9480 5455 4861 4908 2922 6467
10 2507 8323 7546 6569 1966 4446 5280 5499 3279 6273
9 1178 6630 2646 5423 7279 6841 7714 5850 5125
8 8509 4318 8673 8428 1395 8966 3591 8276
8 2828 4263 205 4976 6881 4079 7368 4755
6 719 4965 7420 3567 1420 3380
6 8587 8172 6459 5085 3850 6080
3 9733 9177 2163
14 1332 115 1521 3226 7786 1616 2925 9443 4731 307 7144 2698 5931 3825
9 6965 3534 8805 9028 6627 7126 8923 446 12
14 1227 6313 3476 9388 1477 9125 1792 8168 8920 3002 7803 5459 7059 1599
2 6044 8824
10 6656 640 564 5667 4726 4808 2879 4750 4961 86
9 6694 1937 4175 3610 2804 4668 1462 8556 142
15 3697 1104 890 7120 3483 3800 7449 5938 2655 8240 8622 1141 7338 4116 3032
12 19 5908 2944 7139 1606 331 4997 4751 5828 737 2961 2878
4 6252 8397 7304 4817
8 8564 6636 5550 4551 5683 6214 1088 4614
7 5222 4867 1474 880 2314 7719 7223
14 1794 7245 3674 7238 7981 304 312 6045 3369 9669 3724 2114 5848 361
2 7293 4793
10 8630 7652 9592 2334 4237 9076 9193 3465 3887 3613
12 6269 1674 3634 2527 2403 4418 9338 4757 4916 7163 8638 7899
3 2603 642 5841
9 8787 656 5319 6282 5676 21 9692 4955 5269
6 7140 5297 4448 3812 8957 6434
5 1883 98 2319 7972 7713
13 4536 5442 4391 8295 4010 966 3520 9120 8837 8275 6339 6507 2606
6 7709 5056 2149 5832 2851 9489
9 7064 8742 2003 1728 6700 9446 3535 6371 5416
14 1879 8694 28 5277 2976 3336 743 8479 556 8151 9269 438 8083 3412
7 8783 6056 349 1703 3359 2615 1823
13 1447 6402 3952 409 3982 8103 5561 6184 8313 1290 1677 869 7017
12 6189 9708 924 4155 8928 4342 3162 4631 9095 4091 8054 925
8 4873 4264 7484 3492 9961 7533 7825 3069
7 3546 5200 5642 3518 831 3637 2138
10 1105 5352 2972 2626 7076 4968 3954 163 7089 7093
16 2424 2159 7510 7536 4899 9957 4524 3902 1124 7240 9590 3727 5003 8110 9061 5563
11 9820 2260 8193 2763 8964 1624 5033 429 1019 6721 9759
7 3008 8655 2069 6769 5825 2691 8238
8 5227 4651 2057 5075 3335 6194 4042 5446
11 9166 5472 8126 8817 9969 2282 5164 5564 7789 998 5836
8 2296 5542 6635 1092 1312 6623 9865 7204
8 7455 1409 6274 7921 3298 1594 7673 3619
11 3049 1310 2837 2689 8998 5912 3240 5607 7946 7597 6227
9 7810 4720 6001 7360 8424 2873 3781 3500 7617
10 5971 1451 3389 9699 602 2358 7977 6364 9791 8618
12 6139 7554 7830 6223 7857 4843 592 8599 3187 3330 2200 9916
9 7186 8836 927 5010 7087 5119 2226 4900 5953
7 6502 4045 8617 256 1055 2019 7625
5 7435 3340 9700 5855 7115
4 6485 3252 9569 204
14 3333 2748 1470 7672 558 2858 5229 1926 6037 5760 5078 4977 5749 9522
10 8086 9664 2469 3481 5153 4518 5823 201 8582 5331
8 8149 6708 4480 7478 257 9509 1473 3620
7 5343 5536 5162 7002 5806 4972 3559
9 1407 4401 7487 1617 1337 6542 2059 4103 7311
9 8932 2040 739 8707 4612 2219 5431 5029 4671
12 8758 1949 3446 7740 9727 9257 129 149 160 8336 1244 3665
10 6607 8885 9911 8487 9336 7303 6295 5363 1225 901
6 2324 4825 8220 27 8403 6686
4 8484 8025 8504 8727
8 1269 7028 2154 2710 6382 7491 7795 4156
8 1838 4708 1103 7256 9041 6441 7937 7938
11 5245 6548 8441 1249 2035 7593 7669 7968 9977 9465 7537
14 9405 9852 726 6081 6880 3810 345 3464 1484 811 1230 1619 8210 3897
7 6529 2938 5673 5787 5682 5362 9719
8 5727 5333 9822 2683 1347 6687 2886 3238
