11 0 7208 8899 3835 9253 9321 9859 864 7098 1809 2649
11 1 114 1359 4914 6990 1022 6067 600 238 3936 4659
11 2 1283 4980 7319 4418 3395 6237 5302 158 4169 3873
11 3 8532 9777 4036 2396 8993 406 1947 3215 8867 2489
11 4 533 7183 1613 6889 98 2232 4957 5284 7606 1507
11 5 2681 167 8043 3652 4494 8177 2529 8990 6795 5360
11 6 184 4554 3191 5819 3230 3228 5750 9889 2310 8550
11 7 6723 9222 9306 2332 1719 1887 1948 3705 2400 6932
11 8 1890 9116 9427 3859 1690 6570 6251 1936 6256 9069
11 9 3360 4539 2147 1544 9682 9880 1934 8736 2613 7059
11 10 5325 4697 792 1700 5168 8585 9879 3297 319 4905
11 11 4798 8066 1526 7855 2093 5244 3428 7009 4223 1175
11 12 3153 2904 9255 8653 6978 6495 2521 802 5712 6562
11 13 7767 3023 7223 5626 7205 7848 8142 8920 479 6653
11 14 3788 7363 2965 1368 5063 6554 7419 7358 1678 8454
11 15 910 5888 6911 1738 701 6364 2796 9146 7789 8692
11 16 7544 1214 3989 2822 3535 82 3808 7920 3192 1378
11 17 2345 687 8319 6191 9106 5907 6719 4872 8564 758
11 18 1556 880 8560 3420 8854 6636 315 6084 8689 7071
11 19 3279 272 6462 6083 384 1299 209 5289 2714 1461
11 20 9243 9849 1257 8154 9576 3193 1046 7545 3512 5735
11 21 5721 2537 3825 2600 5075 5902 830 9928 7866 6786
11 22 5432 7482 6629 4055 1220 5999 2185 2248 4079 7714
11 23 7635 4451 7201 1176 4278 881 3138 1843 5908 863
11 24 5114 567 448 9807 6336 2344 6102 3555 3016 1228
11 25 3924 7474 6716 9679 8021 4664 524 9452 3346 7575
11 26 3955 2087 9574 8861 5539 3410 4065 882 2212 2167
11 27 9746 2864 7240 8563 4581 5319 3617 6354 7108 7062
11 28 4415 5383 1041 1304 3304 9766 3618 4558 2058 132
11 29 9457 5430 2089 9951 8716 2653 3118 7213 8397 429
11 30 1344 6878 1092 4126 1278 4530 1486 7042 6312 2473
11 31 1764 9406 8390 4246 5076 2718 2742 1158 1462 603
11 32 1528 8656 104 1102 2282 7743 970 3041 9376 599
11 33 559 2892 2379 3939 4238 8467 7464 1206 365 7437
11 34 1177 3045 2960 9591 6032 2527 4834 6303 7909 8008
11 35 9648 5104 703 4747 458 4723 4930 1546 6326 2173
11 36 3713 8627 8933 7568 8361 3128 9654 3862 2298 2890
11 37 2316 5132 8212 7449 3211 9852 7255 4989 817 9053
11 38 8918 8749 8356 5732 4151 4804 1959 4312 2938 3552
11 39 3086 5447 6057 361 3632 6155 1986 8032 3378 1799
11 40 520 6848 3594 5421 2747 6123 7875 9556 4639 1030
11 41 1559 2809 5544 368 5231 884 2616 7096 444 9244
11 42 8465 6365 7083 9555 6842 9782 1580 2567 5022 7286
11 43 7095 1098 7597 5480 8820 8293 6557 2707 654 8436
11 44 4647 1953 9052 2692 9744 5193 7340 3937 9803 7496
11 45 581 3494 7794 8807 2951 4610 6780 1789 6383 5256
11 46 1012 5643 5885 9285 3994 8741 3173 1567 8261 9453
11 47 7466 433 2582 5789 411 4536 9209 8211 4298 801
11 48 888 464 3316 9113 3532 8561 1277 694 6753 9531
11 49 1665 2408 4017 9041 3889 9143 2785 4355 8426 9458
11 50 4893 2239 7964 2612 4633 8205 885 9707 1315 3521
11 51 4402 1241 9141 6111 2944 5377 5196 5679 2372 7752
11 52 2320 9085 3762 5414 6683 5529 217 3957 8349 4179
11 53 6485 5291 951 1423 9505 4148 8369 2139 9907 9877
11 54 1189 4380 6892 6454 241 8664 3684 5044 4168 419
11 55 369 1806 2480 1482 5910 2674 2689 8665 6760 2731
11 56 3608 9885 683 8687 2144 1394 4162 6896 6980 9237
11 57 7804 6260 8533 6857 8233 732 4847 8174 2922 3485
11 58 833 5146 4366 9892 925 4791 9571 754 2758 6427
11 59 3276 317 3210 3082 2808 7867 3999 2337 2008 6784
11 60 6549 1774 1311 2001 2749 8372 8999 8058 9224 4121
11 61 7257 3286 3590 2610 5424 757 6187 3699 6627 892
11 62 2457 1756 7252 2198 1139 1188 7868 7572 421 6579
11 63 4881 2737 8109 5097 1347 8338 3906 6606 4605 9441
11 64 9019 3541 5307 4295 5027 1429 2999 6036 2916 3121
11 65 3456 8005 538 6347 1735 357 3437 2774 5054 3349
11 66 691 6023 3597 6029 3018 9731 6552 4343 1908 709
11 67 3479 9070 8195 4110 7256 162 597 1084 1987 8458
11 68 6883 2243 9822 5571 3687 3474 2313 7978 4965 4033
11 69 5952 2507 4103 1999 7433 9559 1981 9754 7139 489
11 70 4435 2418 8947 6421 5906 7993 1151 2470 1424 762
11 71 3945 5843 264 6293 6671 5406 1152 9315 9843 2342
11 72 1974 8973 7823 9950 1129 6875 527 8448 5686 1772
11 73 5078 2255 3054 6861 4345 8517 5311 6738 6030 1483
11 74 5995 2308 7567 3693 9340 4843 7903 5065 9557 5378
11 75 152 1290 190 2870 1732 515 5090 7976 9952 5069
11 76 1630 1037 6362 4925 3368 323 5504 9129 7871 7106
11 77 3794 6867 836 9331 1577 9994 3639 744 4113 123
11 78 9504 2111 5295 401 8034 9075 4709 6770 9169 6358
11 79 5696 4202 7678 3714 4266 7661 7291 4307 8370 499
11 80 6006 992 5842 5585 4363 4104 5172 6887 1523 9775
